1989	2.1793539858262353E7
1990	2.094925422517031E7
1991	2.0097529009928107E7
1992	2.168017895566343E7
1993	2.2884613456313774E7
1994	2.59974480032144E7
1995	2.8063145137235772E7
1996	2.9066103772413794E7
1997	3.2217857807149883E7
1998	3.0718852669692058E7
1999	2.822108357896409E7
2000	3.2050112999051232E7
2001	3.38044802196423E7
2002	3.518337709327889E7
2003	4.205428533075495E7
2004	5.5795944597832814E7
2005	6.74187999606638E7
2006	7.886149421481481E7
2007	9.438569865034527E7
2008	1.2040634602648579E8
2009	9.504262870650032E7
2010	1.2651621011840369E8
2011	1.5972589505659142E8
2012	1.5278927510383597E8
2013	1.5424021780613947E8
2014	1.4332721660955244E8
2015	1.2190875737763642E8
2016	1.1689017515700564E8
